255 255 255 255 255 255   0   0   0   0 255 255 255 255 255 255
255 255 255 255 255   0 255   0   0 255   0 255 255 255 255 255
255 255   0   0 255   0   0   0   0   0   0 255   0   0 255 255
255 255   0   0 255   0 255 255 255   0   0 255   0   0 255 255
255 255 255 255 255   0 255 255 255   0   0 255 255 255 255 255
255   0   0   0   0   0   0 255 255   0   0   0   0   0   0 255
  0   0   0   0   0   0   0   0   0 255   0 255 255   0 255   0
  0   0 255   0 255 255   0 255 255 255   0   0 255 255 255   0
  0   0   0   0   0 255   0 255 255 255   0 255 255 255 255   0
  0 255 255 255   0   0 255 255 255   0   0   0   0 255   0   0
255   0   0   0   0   0   0 255   0 255   0 255   0   0   0   0
255 255 255 255 255   0   0   0   0   0 255   0 255 255 255   0
255 255   0   0 255   0   0 255   0 255   0 255   0 255   0   0
255 255   0   0 255   0   0 255 255   0 255 255   0   0 255   0
255 255 255 255 255   0   0   0 255 255   0   0 255 255   0   0
255 255 255 255 255 255   0   0   0   0   0   0   0   0   0   0
255 255 255 255 255 255   0   0   0   0 255 255 255 255 255 255
255 255 255 255 255   0 255   0   0 255   0 255 255 255 255 255
255 255   0   0 255   0   0   0   0   0   0 255   0   0 255 255
255 255   0   0 255   0 255 255 255   0   0 255   0   0 255 255
255 255 255 255 255   0 255 255 255   0   0 255 255 255 255 255
255   0   0   0   0   0   0 255 255   0   0   0   0   0   0 255
  0   0   0   0   0   0   0   0   0 255   0 255 255   0 255   0
  0   0 255   0 255 255   0 255 255 255   0   0 255 255 255   0
  0   0   0   0   0 255   0 255 255 255   0 255 255 255 255   0
  0 255 255 255   0   0 255 255 255   0   0   0   0 255   0   0
255   0   0   0   0   0   0 255   0 255   0 255   0   0   0   0
255 255 255 255 255   0   0   0   0   0 255   0 255 255 255   0
255 255   0   0 255   0   0 255   0 255   0 255   0 255   0   0
255 255   0   0 255   0   0 255 255   0 255 255   0   0 255   0
255 255 255 255 255   0   0   0 255 255   0   0 255 255   0   0
255 255 255 255 255 255   0   0   0   0   0   0   0   0   0   0
255 255 255 255 255 255   0   0   0   0 255 255 255 255 255 255
255 255 255 255 255   0 255   0   0 255   0 255 255 255 255 255
255 255   0   0 255   0   0   0   0   0   0 255   0   0 255 255
255 255   0   0 255   0 255 255 255   0   0 255   0   0 255 255
255 255 255 255 255   0 255 255 255   0   0 255 255 255 255 255
255   0   0   0   0   0   0 255 255   0   0   0   0   0   0 255
  0   0   0   0   0   0   0   0   0 255   0 255 255   0 255   0
  0   0 255   0 255 255   0 255 255 255   0   0 255 255 255   0
  0   0   0   0   0 255   0 255 255 255   0 255 255 255 255   0
  0 255 255 255   0   0 255 255 255   0   0   0   0 255   0   0
255   0   0   0   0   0   0 255   0 255   0 255   0   0   0   0
255 255 255 255 255   0   0   0   0   0 255   0 255 255 255   0
255 255   0   0 255   0   0 255   0 255   0 255   0 255   0   0
255 255   0   0 255   0   0 255 255   0 255 255   0   0 255   0
255 255 255 255 255   0   0   0 255 255   0   0 255 255   0   0
255 255 255 255 255 255   0   0   0   0   0   0   0   0   0   0

156 120 120 121 117 184 184  74  19  63  92  33  63 125 127  32
120 154 145 154 125 162 194 154 128 110  86  99 110 120 111  74
120 145  43  67 114 161 163 180 213 178 107 122 133 127 203 225
121 154  67  88 122 173 194 170 164 126  83 113  87  82 190 245
117 125 114 122 104 152 144 139 140 110 131 113  95 104 123 149
163 156 157 148 132 152 132 156 168 135 107  83 100 165 159 139
111 120 122 137 134 109 136 174 186 154 103  74 123 185 189 146
 85  69 108 135 149 108  97 127 176 174 100  97 129 145 125  97
129  79 113 171 178 108  61  70 142 164  94 100 135 134  52  31
179 139 130 202 189 109  56  40  90 147 119 112 146 164  84  94
184 162 161 173 152 146  92  50  72 135 161 132 148 154 137 158
117 125 114 122 104 132 120  96  82 113 138 104 122 114 125 117
121 154  67  88 122 148 111  92 110 137 160 122  88  67 154 121
120 145  43  67 114 154 133 120 126 152 159 114  67  43 145 120
120 154 145 154 125 137  89  98 138 160 166 125 154 145 154 120
156 120 120 121 117 158  95  41  99 157 163 117 121 120 120 156
156 120 120 121 117 184 184  74  19  63  92  33  63 125 127  32
120 154 145 154 125 162 194 154 128 110  86  99 110 120 111  74
120 145  43  67 114 161 163 180 213 178 107 122 133 127 203 225
121 154  67  88 122 173 194 170 164 126  83 113  87  82 190 245
117 125 114 122 104 152 144 139 140 110 131 113  95 104 123 149
163 156 157 148 132 152 132 156 168 135 107  83 100 165 159 139
111 120 122 137 134 109 136 174 186 154 103  74 123 185 189 146
 85  69 108 135 149 108  97 127 176 174 100  97 129 145 125  97
129  79 113 171 178 108  61  70 142 164  94 100 135 134  52  31
179 139 130 202 189 109  56  40  90 147 119 112 146 164  84  94
184 162 161 173 152 146  92  50  72 135 161 132 148 154 137 158
117 125 114 122 104 132 120  96  82 113 138 104 122 114 125 117
121 154  67  88 122 148 111  92 110 137 160 122  88  67 154 121
120 145  43  67 114 154 133 120 126 152 159 114  67  43 145 120
120 154 145 154 125 137  89  98 138 160 166 125 154 145 154 120
156 120 120 121 117 158  95  41  99 157 163 117 121 120 120 156
156 120 120 121 117 184 184  74  19  63  92  33  63 125 127  32
120 154 145 154 125 162 194 154 128 110  86  99 110 120 111  74
120 145  43  67 114 161 163 180 213 178 107 122 133 127 203 225
121 154  67  88 122 173 194 170 164 126  83 113  87  82 190 245
117 125 114 122 104 152 144 139 140 110 131 113  95 104 123 149
163 156 157 148 132 152 132 156 168 135 107  83 100 165 159 139
111 120 122 137 134 109 136 174 186 154 103  74 123 185 189 146
 85  69 108 135 149 108  97 127 176 174 100  97 129 145 125  97
129  79 113 171 178 108  61  70 142 164  94 100 135 134  52  31
179 139 130 202 189 109  56  40  90 147 119 112 146 164  84  94
184 162 161 173 152 146  92  50  72 135 161 132 148 154 137 158
117 125 114 122 104 132 120  96  82 113 138 104 122 114 125 117
121 154  67  88 122 148 111  92 110 137 160 122  88  67 154 121
120 145  43  67 114 154 133 120 126 152 159 114  67  43 145 120
120 154 145 154 125 137  89  98 138 160 166 125 154 145 154 120
156 120 120 121 117 158  95  41  99 157 163 117 121 120 120 156

 32  74 225 245 149 139 146  97  31  94 158 117 121 120 120 156
127 111 203 190 123 159 189 125  52  84 137 125 154 145 154 120
125 120 127  82 104 165 185 145 134 164 154 114  67  43 145 120
 63 110 133  87  95 100 123 129 135 146 148 122  88  67 154 121
 33  99 122 113 113  83  74  97 100 112 132 104 122 114 125 117
 92  86 107  83 131 107 103 100  94 119 161 138 160 159 166 163
 63 110 178 126 110 135 154 174 164 147 135 113 137 152 160 157
 19 128 213 164 140 168 186 176 142  90  72  82 110 126 138  99
 74 154 180 170 139 156 174 127  70  40  50  96  92 120  98  41
184 194 163 194 144 132 136  97  61  56  92 120 111 133  89  95
184 162 161 173 152 152 109 108 108 109 146 132 148 154 137 158
117 125 114 122 104 132 134 149 178 189 152 104 122 114 125 117
121 154  67  88 122 148 137 135 171 202 173 122  88  67 154 121
120 145  43  67 114 157 122 108 113 130 161 114  67  43 145 120
120 154 145 154 125 156 120  69  79 139 162 125 154 145 154 120
156 120 120 121 117 163 111  85 129 179 184 117 121 120 120 156
 32  74 225 245 149 139 146  97  31  94 158 117 121 120 120 156
127 111 203 190 123 159 189 125  52  84 137 125 154 145 154 120
125 120 127  82 104 165 185 145 134 164 154 114  67  43 145 120
 63 110 133  87  95 100 123 129 135 146 148 122  88  67 154 121
 33  99 122 113 113  83  74  97 100 112 132 104 122 114 125 117
 92  86 107  83 131 107 103 100  94 119 161 138 160 159 166 163
 63 110 178 126 110 135 154 174 164 147 135 113 137 152 160 157
 19 128 213 164 140 168 186 176 142  90  72  82 110 126 138  99
 74 154 180 170 139 156 174 127  70  40  50  96  92 120  98  41
184 194 163 194 144 132 136  97  61  56  92 120 111 133  89  95
184 162 161 173 152 152 109 108 108 109 146 132 148 154 137 158
117 125 114 122 104 132 134 149 178 189 152 104 122 114 125 117
121 154  67  88 122 148 137 135 171 202 173 122  88  67 154 121
120 145  43  67 114 157 122 108 113 130 161 114  67  43 145 120
120 154 145 154 125 156 120  69  79 139 162 125 154 145 154 120
156 120 120 121 117 163 111  85 129 179 184 117 121 120 120 156
 32  74 225 245 149 139 146  97  31  94 158 117 121 120 120 156
127 111 203 190 123 159 189 125  52  84 137 125 154 145 154 120
125 120 127  82 104 165 185 145 134 164 154 114  67  43 145 120
 63 110 133  87  95 100 123 129 135 146 148 122  88  67 154 121
 33  99 122 113 113  83  74  97 100 112 132 104 122 114 125 117
 92  86 107  83 131 107 103 100  94 119 161 138 160 159 166 163
 63 110 178 126 110 135 154 174 164 147 135 113 137 152 160 157
 19 128 213 164 140 168 186 176 142  90  72  82 110 126 138  99
 74 154 180 170 139 156 174 127  70  40  50  96  92 120  98  41
184 194 163 194 144 132 136  97  61  56  92 120 111 133  89  95
184 162 161 173 152 152 109 108 108 109 146 132 148 154 137 158
117 125 114 122 104 132 134 149 178 189 152 104 122 114 125 117
121 154  67  88 122 148 137 135 171 202 173 122  88  67 154 121
120 145  43  67 114 157 122 108 113 130 161 114  67  43 145 120
120 154 145 154 125 156 120  69  79 139 162 125 154 145 154 120
156 120 120 121 117 163 111  85 129 179 184 117 121 120 120 156

156 120 120 121 117 163 157  99  41  95 158 117 121 120 120 156
120 154 145 154 125 166 160 138  98  89 137 125 154 145 154 120
120 145  43  67 114 159 152 126 120 133 154 114  67  43 145 120
121 154  67  88 122 160 137 110  92 111 148 122  88  67 154 121
117 125 114 122 104 138 113  82  96 120 132 104 122 114 125 117
158 137 154 148 132 161 135  72  50  92 146 152 173 161 162 184
 94  84 164 146 112 119 147  90  40  56 109 189 202 130 139 179
 31  52 134 135 100  94 164 142  70  61 108 178 171 113  79 129
 97 125 145 129  97 100 174 176 127  97 108 149 135 108  69  85
146 189 185 123  74 103 154 186 174 136 109 134 137 122 120 111
139 159 165 100  83 107 135 168 156 132 152 132 148 157 156 163
149 123 104  95 113 131 110 140 139 144 152 104 122 114 125 117
245 190  82  87 113  83 126 164 170 194 173 122  88  67 154 121
225 203 127 133 122 107 178 213 180 163 161 114  67  43 145 120
 74 111 120 110  99  86 110 128 154 194 162 125 154 145 154 120
 32 127 125  63  33  92  63  19  74 184 184 117 121 120 120 156
156 120 120 121 117 163 157  99  41  95 158 117 121 120 120 156
120 154 145 154 125 166 160 138  98  89 137 125 154 145 154 120
120 145  43  67 114 159 152 126 120 133 154 114  67  43 145 120
121 154  67  88 122 160 137 110  92 111 148 122  88  67 154 121
117 125 114 122 104 138 113  82  96 120 132 104 122 114 125 117
158 137 154 148 132 161 135  72  50  92 146 152 173 161 162 184
 94  84 164 146 112 119 147  90  40  56 109 189 202 130 139 179
 31  52 134 135 100  94 164 142  70  61 108 178 171 113  79 129
 97 125 145 129  97 100 174 176 127  97 108 149 135 108  69  85
146 189 185 123  74 103 154 186 174 136 109 134 137 122 120 111
139 159 165 100  83 107 135 168 156 132 152 132 148 157 156 163
149 123 104  95 113 131 110 140 139 144 152 104 122 114 125 117
245 190  82  87 113  83 126 164 170 194 173 122  88  67 154 121
225 203 127 133 122 107 178 213 180 163 161 114  67  43 145 120
 74 111 120 110  99  86 110 128 154 194 162 125 154 145 154 120
 32 127 125  63  33  92  63  19  74 184 184 117 121 120 120 156
156 120 120 121 117 163 157  99  41  95 158 117 121 120 120 156
120 154 145 154 125 166 160 138  98  89 137 125 154 145 154 120
120 145  43  67 114 159 152 126 120 133 154 114  67  43 145 120
121 154  67  88 122 160 137 110  92 111 148 122  88  67 154 121
117 125 114 122 104 138 113  82  96 120 132 104 122 114 125 117
158 137 154 148 132 161 135  72  50  92 146 152 173 161 162 184
 94  84 164 146 112 119 147  90  40  56 109 189 202 130 139 179
 31  52 134 135 100  94 164 142  70  61 108 178 171 113  79 129
 97 125 145 129  97 100 174 176 127  97 108 149 135 108  69  85
146 189 185 123  74 103 154 186 174 136 109 134 137 122 120 111
139 159 165 100  83 107 135 168 156 132 152 132 148 157 156 163
149 123 104  95 113 131 110 140 139 144 152 104 122 114 125 117
245 190  82  87 113  83 126 164 170 194 173 122  88  67 154 121
225 203 127 133 122 107 178 213 180 163 161 114  67  43 145 120
 74 111 120 110  99  86 110 128 154 194 162 125 154 145 154 120
 32 127 125  63  33  92  63  19  74 184 184 117 121 120 120 156
